Start
arrays.array
Copy
335215.0212608
2471590.8481024
6574803.8320128
7281758.253875201
8086883.2968704
8142591.2561664
6417955.631923201
4150248.8395776
5714218.0315136

Scale
348286.76628479996
2319710.9321728
5955267.067904
6416981.68832
7227840.5021696
7221817.2194815995
6839382.415769599
5617774.8344832
5221251.180134401

Add
339864.0377856
2191267.4369536
5181064.7146496
5658086.866944
6253619.707904
6290162.6863616
5860187.9896064
4675154.4246272
4219522.8557312

Triad
323752.1260544
1908771.454976
3525108.0658944
3594822.352896
3917791.8611456
3910918.4454656
3673858.637824
3737213.5473152003
3556966.4524287996

python.list
Copy
357598.99279359996
2302984.9653248
6506808.8164352
8060163.116236799
8121946.8918784
7723830.424371201
7143947.9734272
4954797.637632
5842923.4479104

Scale
360845.3677056
2352547.7449728
5994839.4872832
7090857.2598272
7195522.236416
6434440.373862401
7054496.7860224005
6963895.730176
5136177.168384

Add
358804.287488
2248856.2794496003
5273464.078336
6151932.1104384
6122644.5438976
5941579.717017599
5945971.0746624
5798829.3853184
4396908.0459263995

Triad
351647.27869440004
1860438.6287616
3498405.39648
3869652.2350592003
3891329.0010623997
3856690.1317632003
3897268.6336
3876853.1472384
3615669.1185664

