Start
arrays.array
Copy
65050.2624512
264784.2701312
362983.6173312
396622.0959744
439572.758528
476722.3676928
573128.9268224001
559976.6380544
569084.8673792

Scale
32841.3454336
48377.1039744
42720.3999744
64311.5534336
72394.00448
70274.596864
67696.7170048
56096.9166848
40559.9920128

Add
32710.669824
55148.6369792
49860.8508928
64515.081011199996
78513.51203839999
77572.58506239999
74210.084864
69303.4708992
64444.53888

Triad
16779.590144
21049.5488
20149.265408
29345.1556864
34426.5990144
37279.4660864
33504.75264
31130.2823936
25582.6685952

python.list
Copy
84199.259648
379049.9086336
469274.558464
574203.8908928001
471119.8031872
539898.0952064
543988.1248768
563449.4562304
562393.6745472

Scale
53015.338291199994
83540.0286208
86596.23444480001
84717.6097792
80559.12161280001
78986.1548032
76744.4914176
61677.3492736
40537.871974400005

Add
50751.4061824
74016.6680576
75679.0501376
77429.71002880001
80727.6331008
77703.4989568
75650.8459008
66360.772608
64001.5683584

Triad
29045.0010112
39766.7868672
40237.9255808
39209.0259456
37715.7986304
38703.920742400005
36270.569472
32727.935385599998
25637.2250624

