Start
python.list
Copy
32.57664848467479
39.36374486308788
35.884774774435165
37.1874150862826
37.42310819306347
38.401904936822966
37.70640770143156
38.798071128027914
39.00523455736439

Scale
33.55226770017849
39.32969404965554
35.55590354765892
38.44585484615726
37.5833009894565
38.91813666930656
37.67246530639116
37.840255283004595
37.757845903747025

Add
50.005755508340954
58.15182041925172
57.621103936730805
56.17964339183144
54.891663097412184
56.67326798873676
55.728451212677996
56.68651314398481
56.91605281110262

Triad
48.018173778531754
53.472284264329915
51.423492134202384
51.23685825406231
52.311655164826476
54.01518897021688
52.9863422399885
54.112470733343
54.38005073929242

